%YAML:1.0
---
K: !!opencv-matrix
   rows: 3
   cols: 3
   dt: d
   data: [ 3.0975840948177201e+03, 0., 3.3512393165235545e+02, 0.,
       3.1261377532601282e+03, 2.3320705465640916e+02, 0., 0., 1. ]
D: !!opencv-matrix
   rows: 1
   cols: 5
   dt: d
   data: [ 2.8489508701148929e+00, -2.4748649229836167e+02,
       -5.4420678059992561e-03, 8.2129605211144364e-03,
       -3.3250340642860183e+00 ]
